0    0
1    0
2    0
3    0
4    0
5    0
6    0
7    0
8    0
9    100
10    100
11    100
12    100
13    100
14    100
15    100
16    200
17    200
18    200
19    200
20    200
21    200
22    200
23    200
24    300
25    300
26    300
27    300
28    300
29    400
30    400
31    400
32    400
33    400
34    400
35    500
36    500
37    500
38    500
39    500
40    500
41    600
42    600
43    600
44    600
45    600
46    700
47    700
48    700
49    800
50    800
51    800
52    900
53    900
54    900
55    1000
56    1000
57    1000
58    1100
59    1100
60    1100
61    1200
62    1200
63    1200
64    1300
65    1300
66    1400
67    1400
68    1500
69    1500
70    1600
71    1600
72    1700
73    1700
74    1800
75    1800
76    1900
77    1900
78    2000
79    2100
80    2200
81    2200
82    2300
83    2400
84    2500
85    2600
86    2700
87    2800
88    2900
89    3100
90    3200
91    3400
92    3600
93    3900
94    4000
95    4400
96    4700
97    5200
98    5500
99    6900
100    15300
