0    0
1    90
2    220
3    370
4    550
5    740
6    990
7    1280
8    1680
9    2100
10    2710
11    3380
12    3940
13    4470
14    5250
15    5750
16    6280
17    7440
18    8340
19    9700
20    11260
21    12770
22    14130
23    15540
24    17090
25    18320
26    20000
27    21350
28    23470
29    25860
30    28710
31    31860
32    34610
33    38360
34    40300
35    43610
36    45690
37    48880
38    53220
39    56880
40    62430
41    67660
42    74090
43    80980
44    87300
45    94610
46    99750
47    108390
48    117390
49    124160
50    129680
51    141830
52    150730
53    163970
54    174620
55    191260
56    205310
57    222580
58    240650
59    253390
60    269130
61    285490
62    303960
63    326790
64    347360
65    370180
66    390510
67    413360
68    441890
69    474290
70    514440
71    567760
72    614370
73    660150
74    706710
75    796410
76    862850
77    927670
78    1013590
79    1096950
80    1170510
81    1271720
82    1427590
83    1599610
84    1767340
85    1900590
86    2155780
87    2371110
88    2750920
89    3034110
90    3539130
91    0
92    0
93    0
94    0
95    0
96    0
97    0
98    0
99    0
100    0
